cnpj,qtdade_licitacoes_que_figurou_com_alguem_com_vinculo,lista_licitacoes_onde_isso_ocorreu
05746657000116,1,728119;
05260938000164,2,743954;743928;
21525477000160,1,804852;
21717251000161,1,731716;
18266930000157,2,781915;802206;
25567140000509,1,809817;
17192048000141,4,788152;841004;921711;921751;
18440367000191,6,902030;758003;848654;850911;956487;727583;
09380005000161,3,870018;720345;720414;
17077702000176,3,979122;979115;979132;
11300320000183,1,859304;
71084305000177,3,938072;966390;790001;
06073848000127,13,766047;981159;984924;947613;952168;842684;984434;766269;766327;952538;806307;952432;766048;
11519500000150,1,939342;
07940707000127,1,976380;
04526954000193,1,786601;
16505190000210,2,985568;985621;
09408863000177,8,765240;923420;834256;778113;777635;777672;777600;793941;
17318757000120,1,953039;
19961036000160,8,806235;821120;978666;719802;851293;737372;797660;828681;
24478341000135,1,726039;
07398148000175,1,904677;
05639764000145,3,911212;911177;750513;
41718685000193,1,856661;
07815266000131,12,910837;910934;764507;910827;910915;764545;910930;764546;764558;764649;764659;764564;
12980050000161,1,809665;
26321174000140,12,910837;910934;764507;910827;910915;764545;910930;764546;764558;764649;764659;764564;
15135390000184,3,861199;924733;924704;
28672087007507,3,862426;878601;878557;
07316691000186,1,853115;
16740086000129,2,918725;894412;
71106157000144,1,892962;
05594006000158,1,981556;
26949204000167,1,729512;
11025894000190,2,894586;894564;
01245727000525,2,719680;719648;
03660102000121,3,864290;907177;864418;
61374161000130,1,737250;
03343330000178,1,937349;
04869661000109,1,893775;
05334499000197,3,898201;898101;980745;
27420969000178,1,894279;
07483162000177,2,827677;909104;
01378407000110,1,965418;
48624175000104,1,857589;
14243516000171,1,810339;
15400712000175,1,792800;
05781473000197,1,751548;
10210073000161,1,783327;
26183715000382,1,951463;
05423963000111,1,973094;
12515512000170,4,887602;968181;745474;922854;
18411844000190,1,786607;
26677851000167,1,945247;
17426228000140,1,831808;
01466091002323,1,851178;
22403976000148,6,875264;875297;875334;875390;875282;875267;
06540805000104,4,807167;807169;807168;727460;
61074175000138,1,745913;
21804120000111,1,962013;
18271866000100,1,918725;
04047735000121,2,816235;778253;
13630573000140,2,795075;953569;
64373368000269,2,772745;772835;
17336390000178,1,939342;
07352299000192,1,773161;
02648739000130,1,727872;
01356570000181,1,965418;
02858842000104,6,821120;978666;719802;851293;797660;828681;
09532089000101,1,798885;
04406717000270,1,756387;
25834847000364,1,949640;
10568854000122,4,751489;751635;751813;751725;
02295694000248,2,720397;720377;
09308652000162,4,722097;722160;721990;722164;
44734671000151,2,952763;901983;
71145668000175,1,726067;
08420079000111,2,948275;946535;
02679549000180,1,960875;
18029074000388,2,717716;717767;
02603418000208,2,812909;841575;
22951216000175,1,843127;
15040200000145,2,950765;871571;
14063229000180,1,882845;
01929665000147,1,774966;
10642633000157,3,770310;770365;770437;
16850359000198,1,980216;
16695045000168,1,975370;
09367180000119,2,830852;830636;
19803975000186,4,835053;835122;835079;835019;
19063728000190,1,952914;
23961832000170,1,833916;
04802106000160,1,732686;
10681754000108,2,849975;850132;
14502966000131,1,956993;
01799657000123,1,772982;
04389531000179,1,790812;
04542941000108,2,969022;969038;
13668217000116,20,985641;873162;884428;732717;733716;789090;759770;856969;934608;972652;869463;779159;871717;864405;973508;908820;943659;907687;911547;744857;
19875442000100,1,756768;
14150662000152,3,985703;956203;889682;
14099186000192,4,921682;921594;921725;921638;
16742041000193,1,823441;
41920257000491,1,731682;
12274503000134,1,764820;
17877227000112,2,872054;760483;
64429400000108,1,901773;
17327107000141,1,917335;
04919875000142,3,877000;877400;915307;
01168626000174,1,811824;
08888040000123,2,873660;851233;
17610403000236,1,959511;
06629745000109,26,985644;953004;815871;771795;779790;831441;869697;725294;874421;815049;963388;886122;888860;890465;772799;773340;742196;755631;910065;749314;718423;918385;922123;934942;975952;909849;
76535764000143,1,737276;
05351543000177,1,801699;
22460323000109,2,971933;946879;
05367899000107,1,892962;
31673254001095,1,952577;
15626947000180,1,843127;
10510128000159,2,827554;827509;
07369814000147,4,967610;967801;967802;967659;
42932715000122,10,839334;839335;839336;839337;839338;839339;839340;839341;839342;839343;
25834847000283,1,949640;
19376730000110,2,894549;894620;
03744904000110,2,940861;941048;
17939349000277,2,913958;983135;
25646514000140,1,770407;
52099983000169,1,775925;
61198164000160,1,762291;
18551507000107,1,930858;
49475833000106,2,953205;955903;
10576690000185,3,814062;814079;814166;
14246369000193,3,812761;812729;812701;
20277752000101,2,765011;927841;
21203436000158,1,810399;
71189278000520,1,962116;
14090191000134,1,888147;
23762552000302,1,979466;
19936557000167,2,981159;947613;
19817766000353,3,938562;938949;939035;
13929982000142,2,725325;726067;
16527400000190,1,960886;
13074749000125,1,880281;
20282265000137,1,979920;
05508626000127,2,865925;866001;
24296646000126,1,981916;
11485445000125,1,792800;
08517373000146,1,953039;
17095753000120,1,918822;
03080995000136,1,754773;
03919999000165,1,731682;
08105851000100,2,895942;895974;
17880977000143,4,809319;809439;809553;809665;
07195814000178,1,810399;
04109169000135,1,950716;
05304733000133,6,869433;869255;869268;869232;869422;869494;
25567140000762,5,809817;895938;895976;917712;854119;
08740036000202,4,858192;858295;858012;858065;
19525278000100,4,848685;848729;853053;855461;
16975724000190,1,935806;
20711057000106,1,862146;
17110310000161,1,756768;
08338200000160,1,864296;
19485623000120,1,830533;
00491870000100,2,839028;839068;
00738238000380,1,752428;
21743265000150,1,764075;
63736714000182,2,802283;782864;
02234943000295,1,914244;
07920529000172,1,729902;
20766316000104,3,969665;969773;969841;
18519685000142,1,735031;
20193865000129,1,729902;
19588391000135,1,777237;
07748804000112,4,887602;968181;745474;922854;
04762831000151,1,984417;
03925139000134,1,783327;
03638381000127,1,880852;
11033888000185,1,853294;
05475966000107,2,896226;896179;
24546522000151,1,851273;
09130024000130,3,786050;786252;786191;
10438157000157,1,917908;
10519768000120,3,812334;784711;957588;
07904276000143,2,923699;917595;
01354546000294,1,746848;
17756002000370,1,735031;
10726349000169,4,809319;809439;809553;809665;
03791171000174,2,897771;897822;
21062371000178,1,728119;
05464491000145,4,722097;722160;721990;722164;
26921908000555,1,842380;
15228157000146,1,775502;
13431621000171,3,786940;786988;787058;
23961667000156,2,982291;982322;
72563158000180,1,774074;
45987062000177,2,913950;913998;
04142323000170,1,904677;
10588186000103,2,773916;737282;
19478320000180,4,739968;739807;740118;739678;
60397874000156,1,947959;
49475833001250,1,955903;
21743265000400,1,765593;
12580115000343,1,718648;
10282328000100,4,978881;978882;978884;978906;
04406717000199,1,756387;
26014795000180,1,956993;
02555374000107,5,937318;937338;937344;937353;937392;
18029074000116,2,717716;717767;
24419569000154,1,981916;
10641500000166,1,830533;
24863560000138,1,804203;
14190675000155,1,762182;
11675056000162,6,875264;875297;875334;875390;875282;875267;
14749549000198,1,976380;
64209810000135,1,763363;
07989229000140,1,836734;
18871475000208,1,846327;
13045652000194,1,789136;
04372089000259,1,904148;
26326421000109,1,910009;
08821242000158,1,825940;
10680527000168,1,786912;
10606545000108,4,937318;937338;937344;937353;
06140504000274,1,962717;
07019009000193,1,800357;
04454873000125,1,983980;
16915048000160,1,812909;
02783664000108,1,773579;
23789059000106,1,920016;
17719444000346,1,740118;
10451713000125,1,918822;
84684455007176,1,797038;
14771446000124,3,949335;770288;770390;
16366888000110,55,762537;155619;731301;790963;791108;926172;762686;819817;825819;826664;731253;755528;981661;983093;761030;801377;801550;844226;860335;808229;809067;964489;730410;789880;793081;720249;761002;932361;932399;877547;825846;905417;755529;720209;860519;867681;874100;882717;745906;800966;844267;932365;835955;932447;867614;874088;790984;720169;932364;745486;790983;812705;969380;933410;784399;
10328635000176,1,897392;
05533177000177,2,978826;978884;
11430465000107,3,969665;969773;969841;
07700579000144,4,822767;798121;922293;721436;
16928871000614,1,976792;
13076992000182,4,836777;836707;836731;836751;
26921908000202,8,952387;901950;902019;842380;856811;842644;761702;817805;
22199772000137,2,726829;726781;
10600312000190,5,770407;770574;939896;730567;966051;
07833214000198,2,809665;776342;
71094205000121,6,961181;961202;961249;764295;764276;764315;
20626417000171,1,754104;
14165863000123,1,783467;
07220538000150,2,722979;722883;
03886930000182,1,744958;
14830396000109,1,897795;
81706251000198,3,761863;863640;981178;
21543798000198,1,774184;
71511158000174,3,938072;966390;790001;
07414120000184,1,897795;
08072145000100,1,856877;
12932842000160,2,754773;754722;
66342833000149,1,786601;
05370299000190,1,905299;
25772120000138,7,866167;831731;784678;883272;749438;739109;969598;
71483929000167,3,979122;979115;979132;
67729178000149,2,897402;897666;
03209283000174,1,828377;
02321483000151,1,962717;
16579237000109,4,921682;921594;921725;921638;
10826999000186,2,752498;752533;
19157361000174,7,856944;778719;758769;778943;778975;779104;779289;
26120618000189,1,895278;
14243700000111,1,810339;
05750701000161,1,908721;
17766825000203,3,912125;912282;912369;
17192048000494,1,758799;
21804120000545,7,732406;732547;732572;732700;732792;962013;732845;
07004048000117,1,772649;
09666624000117,1,768886;
65134454000109,4,807167;807169;807168;727460;
05194502000114,3,776456;776471;776452;
03821415000114,4,972491;981046;737202;737167;
07588730000102,1,805790;
18023366000141,1,756773;
06138468000123,1,726113;
64373368000188,2,772745;772835;
21789326000110,4,791529;791453;791488;791574;
28672087000162,3,862426;878601;878557;
10769482000100,1,814341;
04557755000223,1,814343;
04307650000135,3,732275;774071;947613;
36325157000215,2,837325;849407;
22235531000104,1,981574;
05968191000284,1,910009;
23437064000150,2,867550;752983;
18679316000206,3,768338;801278;768304;
03791171000255,2,897771;897822;
22719843000185,7,754773;860497;941155;754722;860542;730332;730332;
17343171000116,1,942708;
21393507000122,1,754104;
04664638000188,2,916680;916641;
04193097000157,5,722170;721990;722035;722109;722082;
18913529000161,1,733558;
18695016000121,1,949371;
21934551000100,1,812523;
17470499000101,1,863963;
00751947000134,3,938536;938920;938997;
47003579000100,8,938095;732392;732554;732766;796791;855765;797013;855461;
08545316000170,1,894279;
04290119000105,2,752498;752533;
03011712000102,2,792621;941212;
13253884000138,1,725325;
10906218000244,4,891451;891511;891471;891493;
22575583000111,4,754398;754370;853765;754352;
00684182000167,1,980216;
03269296000139,1,775502;
11203475000100,3,770419;770574;730567;
12929043000135,8,948777;749751;841247;946629;947535;749817;948531;947801;
27822759000106,1,726113;
19817766000191,3,938562;938949;939035;
12063548000160,1,794980;
02060549000105,1,817805;
17037334000485,1,856281;
13226892000195,2,853260;979352;
12212290000116,5,869637;869584;869843;869688;869647;
20874277000231,2,732385;732547;
26183715000110,1,951463;
65289613000136,2,733037;773284;
22266950000103,1,849769;
17036666000100,1,801111;
07521133000152,1,854529;
00371677000136,2,895942;895974;
23681312000103,1,799077;
08026075000153,2,853260;979352;
17836461000100,1,819991;
17836461000363,1,819991;
04413005000105,2,781915;802206;
09277251000192,1,830636;
10251397000148,10,839334;839335;839336;839337;839338;839339;839340;839341;839342;839343;
02491874000114,2,837386;837449;
17855375000136,7,866167;831731;784678;883272;749438;739109;969598;
10495154000155,5,817707;817707;838953;817580;817640;
19888650000143,1,798380;
05452133000112,1,841575;
18114595000171,3,772740;772815;772656;
00836942000104,11,869705;829984;917908;961252;718648;874083;752976;730130;779165;922942;826647;
07105561000102,1,853294;
04302534000123,2,874297;874348;
01437362000107,1,973602;
23360253000171,1,727872;
07374284000125,1,984417;
18593087000113,3,841382;841339;841523;
18210168000197,20,985641;873162;884428;732717;733716;789090;759770;856969;934608;972652;869463;779159;871717;864405;973508;908820;943659;907687;911547;744857;
09053134000226,11,766047;984924;947613;952168;842684;984434;766269;766327;952538;952432;766048;
67729178000491,2,897666;978823;
00390702000129,1,741450;
11917516000111,1,759812;
03955611000181,1,864402;
04635192000163,3,913377;913491;913688;
54484753000149,1,745913;
01563351000254,1,776916;
00863032000110,2,892276;892124;
08183359000315,1,761691;
25332743000190,1,941886;
03002290000109,1,853064;
00738238000119,1,752428;
19571361000116,1,941886;
07155661000135,2,971933;946879;
25338385000122,1,764820;
11405384000149,1,897392;
04272202000143,1,975370;
01929665000309,8,867297;774966;775026;978832;854082;896092;912008;846057;
18160622000142,2,743954;743928;
11316363000157,3,759653;759689;759749;
65104762000183,4,972491;981046;737202;737167;
02933193000169,2,948275;946535;
01228185000159,1,975728;
21752738000428,4,848792;848751;848668;848702;
11934594000124,1,812523;
19342138000369,2,826797;826943;
64440555000137,2,806663;806662;
15392414000180,2,867550;752983;
04606368000159,2,829228;829231;
56227994000138,1,775925;
42900852000185,3,776456;776471;776452;
06105551000104,2,950765;871571;
00711356000133,3,730531;730563;730638;
11315529000110,1,882911;
10238783000108,2,872054;760483;
43217280000105,1,814804;
10666954000191,1,950716;
21717251000242,1,731716;
08888040000980,2,873660;851233;
13138905000174,1,981574;
35820448013700,1,972677;
01539549000111,1,859304;
03390388000172,3,774947;774968;774990;
14207339000178,1,821404;
07289544000164,1,863963;
05120772000180,1,715445;
02904424000106,2,871689;871759;
19103290000127,2,978826;978884;
50734102000109,1,817303;
14244832000168,1,857589;
21661111000119,2,809319;809439;
23038796000177,1,789136;
03631765000118,2,808221;808071;
97468250000192,2,773916;737282;
04600294000143,4,754773;941155;755494;754722;
09357478000148,1,856878;
15781331000183,2,980445;980463;
05835916000185,33,973611;944076;948259;839537;839540;839542;840063;840067;840070;840071;943621;839534;840073;944658;839536;839539;839535;840065;840072;840066;859286;807714;839538;839533;840068;840062;840069;839543;839556;840064;839541;839544;840074;
71189278000105,1,962116;
25214028000152,1,849769;
19302579000175,1,768317;
22787055000126,3,774947;774968;774990;
20875464000159,1,875568;
58344359000166,1,737250;
02814497000298,1,762204;
12432995000149,1,848805;
02303541000114,2,871860;827120;
09283969000191,1,759812;
10943369000191,4,966978;967032;967140;967127;
07828539000182,1,858787;
08802723000116,10,880934;882109;966722;889944;880792;890264;768022;787281;966701;967260;
19588391000488,2,831808;777237;
10630958000110,1,900114;
49475833001684,1,953205;
09370196000180,2,875626;875794;
05082446000126,1,822156;
04622116000113,1,973611;
19994474000124,1,976610;
38064515000128,1,978882;
07111286000121,1,804852;
00419760000138,1,854630;
86451358000156,7,835220;835258;835259;835222;835245;835215;835253;
16928871000100,1,976792;
07643548000107,4,827894;827935;827838;827772;
08601980000190,2,853686;853690;
23953466000107,2,754773;754773;
02443611000130,2,919171;756397;
01509731000120,3,809665;730332;776342;
00435409000130,1,973602;
04582480000105,2,861333;742900;
03960712000140,3,786050;786252;786191;
24871949000206,1,921849;
05266324000351,1,735001;
10906218000163,4,891451;891511;891471;891493;
19329504000188,3,804146;963403;776129;
64440555000218,2,806663;806662;
19728727000118,1,729512;
09225076000190,5,869637;869584;869843;869688;869647;
35820448000136,1,972677;
02272500000108,1,721990;
20515556000128,2,816235;778253;
19583558000175,1,891422;
24871949000125,1,921849;
03669035000106,4,836777;836707;836731;836751;
18052472000153,3,911212;911177;750513;
08880595000129,1,983980;
11857762000125,3,848671;848712;913436;
02251332000174,2,889166;751331;
14909613000150,1,717952;
20794996000161,1,833916;
01949381000112,1,798380;
10248952000182,1,820378;
01404373000190,1,902947;
03947995000190,2,758022;758041;
08538628000157,1,887754;
48015119000164,3,766124;958508;842345;
10688221000158,2,849975;850132;
19342138000105,2,826797;826943;
00974660000173,2,741571;741505;
01568455000170,1,901076;
23946916000134,1,981556;
03417494000100,1,856877;
08699234000180,1,901520;
17719444000184,4,739968;739807;740118;739678;
11449499000135,2,808221;808071;
26544608000170,1,809665;
14230984000101,2,894549;894620;
19014794000170,1,794980;
09635181000105,1,864402;
02460736000178,9,831170;952602;959498;736977;785155;796949;796958;854314;830375;
09581236000133,1,937349;
10899734000108,3,770407;860497;770747;
04851699000154,7,754773;860497;941155;755494;754722;860542;730332;
26172037000190,1,822156;
11283948000118,1,860240;
17225202000134,1,833816;
02295694000167,2,720397;720377;
08366420000106,1,949371;
47636014000160,1,947959;
20139416000100,2,865925;866001;
03873951000244,4,765119;765171;765250;765311;
04027894000326,3,948342;944923;762204;
08217254000178,1,823441;
42864363000115,1,938657;
03768632000198,1,744823;
36325157000134,2,837325;849407;
07121806000187,1,937392;
03102926000186,2,839028;839068;
02814497000700,1,762204;
01744153000106,1,758799;
02143367000190,2,830852;830636;
05058703000194,3,730531;730563;730638;
22303531000196,2,732274;732465;
14190675000236,1,762182;
03378970000113,3,985568;985621;749191;
01735407000120,2,853686;853690;
02682577000156,1,894063;
22538375000142,1,773161;
33000118000179,3,737276;897490;973094;
20874277000665,2,732385;732547;
10709067000153,1,800357;
07485963000252,1,722474;
02702957000105,1,817303;
11888073000188,1,919496;
17988161000138,1,814166;
25646514000220,2,730567;966051;
27829102000170,1,726039;
17321137000140,1,854630;
02817838002656,1,825940;
13400438000109,1,902947;
03065063000114,2,870018;720345;
19525278000372,6,949335;890483;796791;853053;797013;840298;
01722595000151,1,814076;
15195632000125,2,931441;772316;
09299577000110,1,717952;
09483720000120,4,827894;827935;827838;827772;
00443322000105,3,772740;772815;772656;
07777720000107,1,809553;
00309119000140,2,892276;892124;
11395843000150,7,793243;761448;761403;900467;900409;793279;761307;
02203356000158,8,948777;749751;841247;946629;947535;749817;948531;947801;
42822858000181,2,817707;838953;
03522446000174,2,865593;865624;
07306147000153,2,923699;917595;
01466091002161,1,851178;
03173334000155,3,786940;786988;787058;
32289829000142,1,833621;
01354546000103,4,809021;808923;808933;746767;
08353199000143,2,837386;837449;
10294104000100,3,898201;898101;980745;
02701263000234,2,858034;858276;
19446244000120,2,780183;856281;
15799068000150,1,799077;
19268374000110,1,769380;
03746398000289,1,735001;
22144375000168,1,907095;
41716499001006,1,848795;
24616773000165,2,910714;910701;
01083568000186,1,901773;
06013589000149,3,770310;770365;770437;
40175705000164,4,952113;953191;953425;952862;
19795533000135,2,796274;923419;
11052709000157,1,773579;
04027894000164,3,948342;944923;762204;
42785345000148,4,985703;956203;897460;894412;
10596600000118,1,860240;
19388008000103,1,777847;
15062735000117,1,907095;
03900553000199,2,784201;784088;
08986188000109,1,770407;
02540779000163,1,810409;
04272725000190,1,155611;
86544996000111,2,733037;773284;
00388550000120,3,985703;897460;889682;
07620907000100,2,890276;900813;
86405396000172,3,861199;924733;924704;
22210991000170,1,960875;
09053134000145,1,806307;
07470828000152,2,726829;726781;
14970050000106,1,856878;
01568455000332,1,901076;
10510128000230,2,827554;827509;
20276514000181,4,978881;978882;978884;978906;
01037626000135,3,759653;759689;759749;
17327107000222,1,917335;
08183359000153,1,761691;
05499944000179,1,733558;
05820332000136,3,804146;963403;776129;
26921908000121,6,952387;901950;902019;856811;842644;761702;
08546092000111,4,751489;751635;751813;751725;
24897571000139,3,809021;808923;808933;
17155342000345,1,945329;
02736688000106,1,832471;
07562743000102,1,774209;
07037632000179,4,758952;758841;758889;758781;
22206004000163,1,901520;
01245727000100,2,719680;719648;
23244166000159,1,831808;
02618172000159,1,900114;
05333043000102,5,903521;903470;903416;903454;903488;
01982481000140,6,902030;758003;848654;850911;956487;727583;
18679316000117,3,768338;801278;768304;
12576098000109,8,765240;923420;834256;778113;777635;777672;777600;793941;
03728881000150,2,742185;742218;
20083986000118,1,960891;
24333314000174,1,858787;
17881480000140,1,854529;
04424758000108,4,752160;752192;752218;752109;
07485963000171,1,722474;
31673254000102,3,952113;952268;806308;
18295299000114,1,883597;
06036612000110,1,979466;
19221018000141,1,773677;
08731530000111,4,875508;875787;875596;875698;
17155342000183,1,945329;
07100135000178,3,938536;938920;938997;
23865744000174,1,882911;
03873951000163,4,765119;765171;765250;765311;
06867357000158,1,880852;
00029372000221,2,858942;858943;
23034174000251,2,741571;741505;
12187694000105,6,786909;786948;786932;786957;786990;787050;
10329304000150,1,904148;
14441895000104,1,868961;
08598911000174,2,795075;953569;
21458610000103,3,761863;863640;981178;
17225202000215,1,833816;
08640297000161,1,887754;
25650482000156,1,809665;
26078595000191,3,735663;928769;928841;
03779298000178,1,985246;
09355359000156,2,894586;894564;
21581459000104,2,742185;742218;
06277268000151,1,828377;
24104615000126,3,885372;885382;885441;
19268374000544,1,769380;
04654861000144,2,806235;737372;
00809306000193,1,856661;
08162032002068,2,947191;948255;
21045091000151,1,860730;
23940109000104,1,929346;
17036666000283,1,801111;
10807173000170,1,945290;
17192048000303,2,788152;921751;
12187694000369,6,786909;786948;786932;786957;786990;787050;
05009037000102,2,758022;758041;
11925969000190,3,864290;907177;864418;
07483513000140,6,961181;961202;961249;764295;764276;764315;
18871475000119,1,846327;
03407691000300,1,814380;
42893222000120,10,880934;882109;966722;889944;880792;890264;768022;787281;966701;967260;
08331850000184,1,851273;
41902610000168,1,880281;
17405622000100,2,861333;742900;
00676679000133,1,774209;
00385408000129,1,741450;
07569360000158,1,744958;
07198998000120,1,804203;
18269125000187,9,831170;952602;959498;736977;785155;796949;796958;854314;830375;
00577773000135,1,720414;
13258431000102,1,833621;
14451636000164,6,869433;869255;869268;869232;869422;869494;
17316566000120,1,942708;
41662677000172,1,751548;
24897571000309,2,746767;746848;
06244732000103,1,783467;
02736688000289,1,832471;
16502551000193,1,774105;
23624431000205,1,831808;
19910600000115,1,938657;
22104604000110,1,955053;
86582863000130,1,904182;
23647365000108,13,938095;770288;770390;732392;732554;732766;890483;796791;848685;848729;855765;797013;840298;
22873613000176,1,814341;
02224511000112,1,979920;
11165514000113,4,791529;791453;791488;791574;
26120618000260,1,895278;
07332350000102,1,786607;
01107391000100,1,774074;
23866426000128,1,945290;
02585687000108,1,799658;
07516896000105,3,817707;817580;817640;
25567140001068,1,895938;
15145442000101,1,853064;
62396296000169,1,814804;
15107265000160,2,900409;761307;
21483615000196,7,867297;774966;775026;978832;896092;912008;846057;
01133225000189,13,770407;770407;770419;809439;770574;770574;939896;939896;730567;730567;730567;966051;966051;
18768796000192,1,777847;
20821150000173,2,792621;941212;
23407794000108,7,835220;835258;835259;835222;835245;835215;835253;
07514572000138,1,960891;
71208516000174,33,973611;944076;948259;839537;839540;839542;840063;840067;840070;840071;943621;839534;840073;944658;839536;839539;839535;840065;840072;840066;859286;807714;839538;839533;840068;840062;840069;839543;839556;840064;839541;839544;840074;
02608774000125,2,916680;916641;
05516628000168,4,752160;752192;752218;752109;
12420164000157,7,876321;876330;876370;952879;953158;948555;953320;
04465003000151,1,768317;
08740036000113,4,858192;858295;858012;858065;
13150466000115,1,772982;
18552505000124,1,930858;
42955476000126,1,860730;
31673254000790,4,952113;952268;806308;952577;
71424246000139,3,774184;736806;737016;
12579490000292,10,869705;829984;961252;718648;874083;752976;730130;779165;922942;826647;
11196295000130,3,848671;848712;913436;
17939349000196,2,913958;983135;
00874929000140,55,762537;155619;731301;790963;791108;926172;762686;819817;825819;826664;731253;755528;981661;983093;761030;801377;801550;844226;860335;808229;809067;964489;730410;789880;793081;720249;761002;932361;932399;877547;825846;905417;755529;720209;860519;867681;874100;882717;745906;800966;844267;932365;835955;932447;867614;874088;790984;720169;932364;745486;790983;812705;969380;933410;784399;
59016998000165,1,809553;
86423753000125,2,784201;784088;
03250598000165,2,799222;799099;
03475216000100,1,882845;
45987062000681,2,913950;913998;
10920266000106,1,732686;
21042015000354,1,798885;
61198164000321,1,762291;
19334622000184,3,885372;885382;885441;
38695557000167,4,798950;799061;798971;799176;
32305500000128,1,801699;
05164426000102,1,744823;
21280420000149,2,827677;909104;
21013054000161,3,952914;939896;730567;
17766825000629,3,912125;912282;912369;
55979736000145,3,766124;958508;842345;
17350361000160,4,835053;835122;835079;835019;
20496517000392,1,715445;
15629893000106,1,766543;
66487836000170,3,927739;927784;927789;
67729178000220,2,897402;978823;
16527400000270,1,960886;
06166353000142,2,814380;814380;
05075964000112,4,952113;953191;953425;952862;
01541266000104,1,772649;
04406461000110,4,875508;875787;875596;875698;
00444990000157,1,155611;
17658668000123,2,871689;871759;
06081203000136,3,732275;774071;947613;
02540779000325,1,810409;
03327733000123,3,815350;815466;815391;
10493969000103,1,853115;
05370299000270,1,905299;
25898180000100,1,774105;
16802563000133,1,790812;
19899651000193,1,920016;
04830190000125,1,929346;
64209810000216,1,763363;
64306913000113,2,931441;772316;
25567140000681,5,742011;895976;917712;854119;912261;
09080759000104,1,875568;
44734671000402,2,952763;901983;
09265033000138,1,768886;
03285009000184,1,978893;
10962750000106,2,982291;982322;
03245703000178,1,836734;
09196982000103,2,829228;829231;
02496576000117,2,969022;969038;
14174715000175,2,875626;875794;
03025429000121,1,985246;
58295213001816,2,802283;782864;
13216302000143,2,896226;896179;
10197494000108,3,770407;860497;770747;
00067750000261,2,742011;912261;
07789153000109,1,955053;
08488365000119,4,809319;809439;754773;754722;
94516671000153,2,842588;842589;
21776529000171,1,848693;
08235663000105,2,940861;941048;
10788428000102,1,975728;
07508373000117,6,774958;774964;969017;978898;969027;822368;
49324221000104,26,985644;953004;815871;771795;779790;831441;869697;725294;874421;815049;963388;886122;888860;890465;772799;773340;742196;755631;910065;749314;718423;918385;922123;934942;975952;909849;
17815826000101,1,888147;
17037334000566,1,780183;
04632983000130,2,799222;799099;
86368057000163,2,910714;910701;
07660130000108,3,913377;913491;913688;
21466388000190,2,919171;756397;
20297455000128,1,864296;
12420164000319,7,876321;876330;876370;952879;953158;948555;953320;
08530023000110,1,821404;
21483615000510,1,854082;
01563351000173,1,776916;
06280539000128,6,793243;761448;761403;900467;900409;793279;
08968320000141,2,768317;768317;
11593940000158,3,735663;928769;928841;
19803923000100,2,865593;865624;
10495228000153,3,814062;814079;814166;
07137610000180,1,978893;
00029372000655,2,858942;858943;
07394231000176,2,985568;749191;
13083306000109,3,927739;927784;927789;
09650705000129,1,756773;
17027418000195,1,724701;
04222408000169,1,919496;
06133518000180,1,862146;
94516671000234,2,842588;842589;
09043438000121,2,722979;722883;
01053369000125,2,871860;827120;
08162032000103,2,947191;948255;
02363611000120,3,864200;864380;864524;
27028240000150,1,894063;
19324490000100,3,815350;815466;815391;
03370119000144,1,934270;
08830900000178,1,875660;
17027418000942,1,724701;
22677264000117,4,822767;798121;922293;721436;
21817234000104,2,985568;749191;
16951188000193,1,868961;
10322079000120,5,722170;721990;722035;722109;722082;
18070048000131,1,786912;
09169428000137,1,883597;
11260846000187,1,848805;
02829842000186,1,934270;
17610403000155,1,959511;
19520270000151,1,848693;
14087361000121,1,875660;
02018303000167,1,766543;
02089246000107,4,967610;967801;967802;967659;
06155278000114,7,856944;778719;758769;778943;778975;779104;779289;
10905378000198,2,890276;900813;
18159194000138,3,841382;841339;841523;
26341602000104,2,858034;858276;
04111956000111,2,796274;923419;
02686360000114,4,758952;758841;758889;758781;
02277139000102,1,935806;
04557755000304,1,814343;
02389373000121,3,877000;877400;915307;
17300096000106,1,916444;
17104399000153,1,904182;
00098809000106,1,916444;
84684455006951,1,797038;
02896840000100,1,799658;
09620946000125,1,908721;
19589495000164,1,811824;
21752738000185,4,848792;848751;848668;848702;
01925360000167,4,966978;967032;967140;967127;
10578941000160,1,891422;
48174874000191,1,809553;
19280772000152,1,820378;
19994474000205,1,976610;
02234943001429,1,914244;
17192048000222,2,841004;921711;
65284291000132,3,812761;812729;812701;
02041460000193,1,897490;
09116630000109,2,980445;980463;
21743265000583,2,764075;765593;
02962068000187,3,812334;784711;957588;
20848371000135,1,814380;
21804120000383,7,732406;732547;732572;732700;732792;962013;732845;
66438466000181,6,874297;874348;798950;799061;798971;799176;
18669729000110,6,774958;774964;969017;978898;969027;822368;
04702118000384,1,848795;
05007965000120,3,864200;864380;864524;
08245260000139,1,805790;
11917674000171,5,903521;903470;903416;903454;903488;
23353196000101,4,754398;754370;853765;754352;
08241628000190,2,904182;904182;
17224171000105,3,774184;736806;737016;
03815963000131,2,889166;751331;
09176186000109,1,978882;
14721695000105,1,773677;
52202744000192,1,945247;
05093900000144,2,732274;732465;
13169186000159,1,893775;
02213688000113,1,814076;
02136051000170,2,765011;927841;
